
Test Cases
--------------------------------------------------------------------------------
1. Sample
10
5
2
5
--------------------------------------------------------------------------------
30 160 480 100 310 800

2. Real
5
5
5
5
--------------------------------------------------------------------------------
25 3125 15625 75 3905 18555

3. Real
2
4
6
2
--------------------------------------------------------------------------------
6 12 36 8 14 38

--------------------------------------------------------------------------------