
--------------------------------------------------------------------------------
Test Cases
--------------------------------------------------------------------------------
1. Sample
56
--------------------------------------------------------------------------------
0 1 1 2 3 5 8 13 21 34 55
2. Real
0
--------------------------------------------------------------------------------
0
3. Real
1
--------------------------------------------------------------------------------
0 1 1
4. Real
2
--------------------------------------------------------------------------------
0 1 1 2
5. Real
5
--------------------------------------------------------------------------------
0 1 1 2 3 5

--------------------------------------------------------------------------------
